image_width: 640
image_height: 480
camera_matrix: !!opencv-matrix
   rows: 3
   cols: 3
   dt: d
   data: [ 5.5342107749040895e+02, 0., 3.5301907087950150e+02, 0.,
       5.5698514026406292e+02, 3.0210845846483284e+02, 0., 0., 1. ]
distortion_coefficients: !!opencv-matrix
   rows: 1
   cols: 5
   dt: d
   data: [ 6.7781170046751021e-02, -2.2082106329481449e-01,
       2.7219158292688145e-02, 7.6468712470715069e-03,
       1.7698967623168685e-01 ]